12 14 2 5
1 11 15 3
0 9 8 4
10 7 13 6

12 14 2 5
0 11 15 3
1 9 8 4
10 7 13 6

0 14 2 5
12 11 15 3
1 9 8 4
10 7 13 6

14 0 2 5
12 11 15 3
1 9 8 4
10 7 13 6

14 2 0 5
12 11 15 3
1 9 8 4
10 7 13 6

14 2 5 0
12 11 15 3
1 9 8 4
10 7 13 6

14 2 5 3
12 11 15 0
1 9 8 4
10 7 13 6

14 2 5 3
12 11 15 4
1 9 8 0
10 7 13 6

14 2 5 3
12 11 15 4
1 9 0 8
10 7 13 6

14 2 5 3
12 11 15 4
1 9 13 8
10 7 0 6

14 2 5 3
12 11 15 4
1 9 13 8
10 0 7 6

14 2 5 3
12 11 15 4
1 0 13 8
10 9 7 6

14 2 5 3
12 0 15 4
1 11 13 8
10 9 7 6

14 2 5 3
0 12 15 4
1 11 13 8
10 9 7 6

14 2 5 3
1 12 15 4
0 11 13 8
10 9 7 6

14 2 5 3
1 12 15 4
11 0 13 8
10 9 7 6

14 2 5 3
1 12 15 4
11 13 0 8
10 9 7 6

14 2 5 3
1 12 15 4
11 13 8 0
10 9 7 6

14 2 5 3
1 12 15 4
11 13 8 6
10 9 7 0

14 2 5 3
1 12 15 4
11 13 8 6
10 9 0 7

14 2 5 3
1 12 15 4
11 13 0 6
10 9 8 7

14 2 5 3
1 12 0 4
11 13 15 6
10 9 8 7

14 2 0 3
1 12 5 4
11 13 15 6
10 9 8 7

14 0 2 3
1 12 5 4
11 13 15 6
10 9 8 7

0 14 2 3
1 12 5 4
11 13 15 6
10 9 8 7

1 14 2 3
0 12 5 4
11 13 15 6
10 9 8 7

1 14 2 3
12 0 5 4
11 13 15 6
10 9 8 7

1 0 2 3
12 14 5 4
11 13 15 6
10 9 8 7

1 2 0 3
12 14 5 4
11 13 15 6
10 9 8 7

1 2 3 0
12 14 5 4
11 13 15 6
10 9 8 7

1 2 3 4
12 14 5 0
11 13 15 6
10 9 8 7

1 2 3 4
12 14 0 5
11 13 15 6
10 9 8 7

1 2 3 4
12 0 14 5
11 13 15 6
10 9 8 7

1 2 3 4
12 13 14 5
11 0 15 6
10 9 8 7

